948
212 117
227 55
275 44
318 45
344 58
357 79
362 85
368 96
371 105
375 114
375 125
361 136
334 145
299 148
263 143
217 131
217 131
215 120
212 109
192 123
145 134
104 149
104 151
105 157
125 167
147 177
185 190
204 182
210 180
216 188
224 192
236 195
287 201
335 200
355 198
366 192
384 191
407 199
432 197
462 186
496 169
508 156
489 154
413 135
393 127
369 120
369 121
491 149
501 157
493 164
469 181
448 188
427 193
386 195
361 192
407 196
415 197
359 196
364 201
365 212
365 221
365 224
368 222
371 209
373 197
373 193
389 203
393 213
399 223
401 225
399 209
400 195
400 204
401 221
402 228
404 233
407 224
407 227
411 233
413 234
413 217
412 209
411 201
418 201
425 206
429 221
429 232
424 247
420 260
413 269
406 275
404 276
400 276
400 271
402 259
402 249
403 236
403 232
400 245
399 258
397 269
395 275
390 284
379 317
369 324
360 328
346 337
332 344
319 351
313 353
295 352
285 345
272 337
252 325
240 318
231 311
227 303
220 291
217 278
217 258
213 245
212 231
209 218
205 201
205 197
203 194
197 187
193 188
193 189
185 191
172 210
167 214
178 217
191 217
194 221
190 226
190 229
198 223
204 208
198 206
194 209
193 214
189 222
188 230
187 236
195 264
200 269
207 275
212 277
217 280
218 280
208 240
202 237
202 231
202 226
200 223
197 226
196 234
193 243
197 248
199 251
193 237
195 230
203 233
205 247
210 254
207 255
202 256
201 259
201 260
202 254
210 257
211 257
213 252
213 248
213 242
211 231
210 220
211 210
213 200
217 194
219 193
223 201
225 218
232 235
231 235
232 233
237 211
240 203
241 197
243 197
248 212
260 226
265 230
265 230
264 219
268 212
273 206
273 205
275 199
269 210
275 214
293 222
297 222
300 221
301 216
297 213
297 209
299 220
297 221
294 222
294 222
284 222
277 218
286 229
286 232
288 235
288 237
275 220
266 217
260 217
246 219
233 221
230 226
228 230
226 233
251 241
247 235
253 233
259 234
261 240
261 244
260 245
252 245
248 244
247 240
249 235
251 234
247 236
245 243
228 247
233 249
234 253
239 257
247 260
249 261
259 261
264 261
271 261
274 260
277 257
278 256
278 255
265 259
251 258
243 255
236 251
231 249
235 244
242 242
243 241
237 240
233 237
228 234
234 228
241 222
248 221
253 221
253 221
262 220
270 220
274 221
282 227
279 224
279 220
285 220
292 221
300 225
306 218
307 214
304 226
296 229
304 236
305 240
305 248
306 253
305 257
304 264
301 269
301 270
299 273
298 277
297 277
297 280
304 287
305 289
305 289
303 282
301 276
302 267
302 266
302 264
305 295
303 295
296 294
277 294
265 294
255 290
252 288
247 286
245 286
249 292
252 302
255 303
271 321
277 323
285 326
296 328
306 329
321 329
334 329
339 326
347 320
350 317
358 311
361 305
365 296
365 291
365 291
359 291
350 293
344 293
336 295
329 296
320 295
310 295
307 295
295 295
265 295
252 296
258 301
261 305
265 307
269 306
273 305
278 307
282 309
286 309
289 308
298 308
307 308
316 308
334 308
346 304
347 303
347 306
347 309
348 306
349 299
350 298
353 302
353 303
353 305
357 302
361 301
361 301
364 290
332 293
313 294
302 288
301 273
301 266
305 256
305 252
305 248
305 244
303 240
301 237
298 233
297 227
299 224
296 221
293 221
288 219
281 215
275 212
269 211
270 208
273 201
281 201
300 200
323 202
340 202
303 199
312 209
313 213
319 220
325 224
329 227
330 227
330 227
333 229
333 229
332 224
330 217
329 207
329 201
328 204
328 218
329 228
329 228
328 232
333 233
331 226
333 229
338 233
339 233
333 229
340 225
345 221
352 217
358 217
362 217
362 217
344 225
337 233
334 237
333 241
333 241
329 244
329 242
333 233
337 229
342 225
350 224
358 223
361 217
370 217
374 220
378 227
380 231
382 235
384 239
384 241
383 242
383 243
377 226
361 218
356 218
350 218
346 222
349 227
350 240
351 237
356 236
361 238
364 241
358 251
351 250
349 249
345 246
346 241
352 241
357 241
353 240
353 237
358 241
360 243
361 245
358 249
360 249
361 243
359 241
356 240
351 239
349 239
348 241
348 244
350 237
349 233
348 226
355 221
363 221
373 225
378 229
380 233
383 238
375 256
371 257
363 258
357 259
351 259
344 259
336 257
333 257
336 257
343 259
349 262
355 259
364 259
372 257
374 255
380 261
378 268
377 268
376 268
377 263
382 258
384 256
382 256
379 261
373 265
365 268
361 269
353 269
351 269
346 269
340 269
348 269
352 269
355 268
350 263
355 266
356 272
356 275
356 276
356 275
356 271
365 267
370 265
374 263
373 261
373 257
373 252
384 239
369 223
367 216
376 202
381 198
391 209
391 225
392 233
396 255
396 260
396 261
395 268
393 270
393 276
401 264
404 254
407 253
408 249
406 244
406 241
408 234
409 229
413 221
416 214
417 214
420 226
420 231
420 233
409 233
409 237
412 242
412 249
409 253
405 257
404 259
410 263
410 263
410 222
413 205
420 200
425 202
433 197
448 188
473 177
487 150
435 141
403 131
389 126
375 121
372 120
379 115
372 95
363 82
352 72
337 61
318 50
300 44
282 45
265 49
254 54
241 62
234 67
226 76
220 85
211 102
209 109
207 117
206 124
205 133
217 138
236 144
256 144
272 145
268 146
238 138
216 132
204 125
199 121
200 118
191 120
179 124
169 127
157 132
122 139
106 143
94 146
89 149
102 157
114 164
150 177
171 182
187 184
193 183
197 182
201 176
210 168
223 172
201 170
201 170
181 157
208 166
214 167
201 163
217 166
241 173
278 178
292 178
260 184
255 184
279 185
188 186
188 188
183 195
170 214
166 214
170 216
185 217
188 216
189 221
188 228
186 243
189 247
197 261
199 267
202 274
207 277
213 276
214 289
213 297
212 302
212 305
218 298
219 298
221 305
228 313
233 319
237 325
239 328
239 328
241 319
240 318
240 318
292 349
305 353
311 354
319 350
334 343
368 324
374 315
380 321
381 324
381 325
384 318
386 309
389 301
388 297
395 301
399 302
397 292
394 285
402 294
403 296
400 285
400 281
399 276
399 273
398 263
391 246
391 216
384 205
380 201
369 216
366 221
360 203
357 197
343 200
329 201
328 201
328 210
326 218
329 229
329 229
315 218
310 211
305 205
301 202
279 201
273 201
269 206
266 218
264 221
264 224
259 218
273 219
277 226
278 228
281 234
281 240
281 241
281 241
281 241
279 235
276 229
270 223
263 221
264 220
271 223
275 228
278 228
289 229
280 227
278 220
277 214
273 209
270 204
273 200
276 199
253 196
312 199
332 197
345 195
360 192
380 191
396 191
422 191
441 189
462 181
472 173
480 162
473 148
476 150
493 158
475 172
468 177
464 180
479 173
481 158
469 150
454 146
491 155
478 164
471 168
473 153
466 144
454 138
439 132
426 128
415 126
396 124
382 123
379 118
400 122
424 127
469 141
485 146
495 148
495 155
495 155
498 154
499 158
495 162
495 163
500 159
497 152
490 150
487 149
476 145
441 136
420 128
398 121
393 120
394 117
394 112
384 120
372 129
364 131
341 141
360 139
378 133
380 131
383 125
385 124
386 122
388 122
388 122
388 115
387 96
385 84
380 79
352 50
325 44
311 45
300 45
303 40
302 45
291 45
290 45
312 44
332 48
340 52
353 64
365 76
371 85
374 97
379 109
379 119
377 123
376 125
384 119
383 110
381 98
376 87
367 77
360 69
349 63
340 56
343 54
360 65
367 74
374 80
379 90
382 100
383 111
384 119
385 121
385 121
381 99
366 69
364 68
383 86
386 97
387 110
387 118
387 122
388 124
388 125
392 129
391 129
384 130
378 133
365 138
352 141
331 143
328 144
214 132
207 128
205 124
205 120
205 112
210 103
211 104
209 114
208 125
208 132
208 133
209 134
217 139
221 140
238 144
248 145
260 149
272 150
294 156
305 155
319 155
332 153
344 152
354 148
363 143
371 138
382 132
387 129
390 127
393 125
386 133
355 145
343 149
345 149
386 127
388 118
386 98
382 84
389 130
419 129
437 136
452 140
475 149
477 150
480 151
484 152
476 165
467 172
460 181
452 186
442 190
428 195
426 196
428 196
436 205
442 208
446 211
443 212
436 215
429 216
429 216
428 216
436 220
442 228
443 228
441 228
431 227
429 226
428 226
427 226
