1384
180 50
138 80
139 106
140 116
142 124
146 133
148 138
150 146
151 151
151 158
150 163
151 172
153 176
156 187
160 196
167 210
171 220
174 228
176 234
176 236
177 236
196 237
203 237
213 238
222 238
231 237
234 237
238 237
241 237
241 233
242 221
243 207
245 194
245 185
248 174
251 163
253 158
255 152
256 145
255 136
254 132
252 128
248 129
236 133
234 134
234 134
229 136
220 137
216 137
213 137
209 137
209 137
208 137
204 136
202 134
204 128
204 127
214 125
223 125
230 125
232 125
232 125
232 129
231 132
230 133
230 135
216 136
205 137
204 133
198 132
191 132
185 132
182 132
180 134
176 134
176 134
168 132
162 132
162 128
161 124
154 124
148 127
146 132
153 134
158 136
164 138
168 138
169 138
168 136
168 134
168 134
168 132
170 145
171 153
171 160
168 164
166 168
166 179
167 183
168 188
170 192
174 199
175 200
175 201
175 204
175 204
172 206
170 208
168 209
166 210
168 209
173 208
178 207
174 204
174 200
175 199
185 199
187 199
196 199
196 199
197 199
200 200
200 202
203 204
204 205
204 206
206 207
208 208
214 208
219 208
223 208
228 208
232 208
234 209
237 209
239 209
240 209
242 209
244 209
209 208
204 207
204 206
202 200
204 192
205 189
205 186
206 180
208 174
208 168
210 159
210 155
210 149
210 146
209 142
208 140
208 137
214 136
221 136
232 136
232 126
232 124
213 123
207 123
207 123
207 109
207 105
213 96
218 88
222 82
222 79
210 77
200 76
195 75
184 75
177 75
168 77
168 77
164 79
163 85
162 91
161 96
160 101
160 105
160 108
160 111
160 116
160 117
160 118
160 118
160 119
159 121
158 123
158 123
155 124
155 124
154 124
158 120
159 117
160 111
159 103
158 100
153 99
150 99
148 99
143 102
143 102
141 104
139 104
150 78
155 73
158 70
162 63
172 57
179 52
187 50
207 47
219 47
234 47
258 52
270 57
286 65
298 77
305 89
304 101
302 108
301 114
300 120
298 123
278 127
274 129
269 131
264 136
262 139
259 143
260 147
260 150
260 155
262 162
262 167
262 169
262 171
264 172
271 172
279 171
286 168
291 165
291 160
293 154
293 149
293 146
293 143
293 138
291 133
288 130
286 127
287 125
290 123
294 122
296 124
302 139
302 140
301 144
300 150
298 156
294 160
293 161
291 164
288 166
285 167
286 168
289 179
291 182
291 187
283 192
270 199
266 202
263 205
261 207
256 210
254 212
251 216
249 221
249 223
249 225
246 227
245 227
243 230
240 232
240 232
237 233
239 208
226 208
206 208
210 215
210 216
210 218
205 219
197 219
189 219
181 219
176 219
175 219
174 214
171 209
170 208
166 207
175 231
176 234
200 236
201 236
194 238
192 234
193 239
195 243
195 247
195 251
194 253
216 259
222 259
238 260
249 259
261 255
269 251
276 246
284 242
288 238
292 232
294 228
294 226
290 219
287 211
286 205
285 201
285 196
285 192
284 191
281 188
275 195
265 199
260 205
250 216
250 219
246 223
242 230
255 230
262 230
271 226
278 223
283 220
287 217
288 217
288 217
289 222
286 207
291 208
295 211
299 212
306 215
310 219
316 223
322 227
328 231
332 234
335 235
340 235
341 235
331 239
325 242
314 252
308 259
300 269
298 280
296 291
295 303
295 313
297 323
301 339
310 347
322 361
333 367
345 372
359 374
369 374
378 370
390 365
398 359
389 355
370 347
362 336
357 329
351 306
350 288
355 266
369 250
384 238
401 232
412 232
412 232
405 229
397 225
385 220
370 216
357 213
339 211
333 212
326 215
316 219
314 219
312 222
310 223
308 226
304 235
302 241
298 250
297 254
295 258
293 267
294 273
293 277
293 279
294 287
294 291
294 293
291 261
299 242
305 230
313 221
323 217
329 215
338 215
348 213
361 214
386 219
389 219
400 220
415 223
421 226
429 230
434 231
435 231
438 235
436 239
418 235
415 235
412 235
409 234
406 231
422 232
433 233
436 235
442 237
448 239
460 242
471 243
480 246
490 250
490 251
475 247
451 259
440 270
433 278
429 284
417 306
413 316
410 331
408 344
408 351
410 359
417 369
426 380
438 391
447 403
453 407
465 408
479 411
507 411
522 407
526 406
491 376
485 370
475 356
474 355
479 333
487 317
491 309
496 297
498 288
500 278
500 271
500 263
500 256
498 251
492 238
482 222
474 202
467 188
465 168
466 156
470 149
482 145
490 145
493 150
497 156
502 166
506 175
508 180
508 186
505 190
493 196
490 196
479 199
479 199
481 201
486 206
488 210
490 216
494 220
496 222
502 222
514 220
515 219
516 215
512 207
508 199
511 195
510 193
510 185
506 181
506 184
506 183
513 207
514 211
514 212
516 216
518 220
522 224
525 231
526 235
530 241
531 246
531 250
529 254
518 259
517 259
508 260
508 260
502 256
499 251
498 247
495 239
495 236
494 231
493 226
497 223
497 222
502 222
493 235
498 244
500 251
504 259
507 267
509 274
512 283
508 295
498 275
495 293
490 316
496 320
498 323
506 329
512 333
498 326
498 323
498 335
494 345
492 354
490 359
490 359
487 365
482 367
481 369
474 373
470 375
466 377
462 379
461 383
460 387
462 392
468 398
473 401
481 405
489 406
494 402
501 396
502 394
502 391
502 387
501 384
498 382
494 377
494 376
506 383
508 385
514 381
520 375
521 375
525 373
528 369
533 366
546 367
556 367
568 364
578 362
586 359
590 354
593 350
593 350
598 351
605 353
610 353
622 352
628 351
642 345
648 341
654 334
655 328
658 314
663 295
663 283
664 272
665 263
667 251
666 246
665 235
666 222
666 214
666 210
666 210
668 187
669 176
668 169
659 159
653 157
647 157
639 159
637 163
635 165
633 175
633 180
632 187
632 196
633 205
630 216
628 225
626 229
624 232
617 238
611 238
610 236
620 234
620 234
619 231
621 192
621 192
617 174
617 166
614 155
612 141
606 129
602 123
594 118
583 121
580 124
575 129
573 141
574 145
575 151
577 155
579 163
579 170
581 179
582 185
582 193
582 201
582 207
581 214
579 221
577 224
576 225
573 229
571 230
570 230
568 226
564 213
561 200
560 190
557 178
557 171
553 158
547 137
544 128
539 118
530 113
523 112
514 116
511 121
509 130
508 137
509 144
515 150
518 159
522 170
523 175
524 182
525 187
526 196
528 205
528 211
528 215
529 220
529 225
529 229
529 231
529 236
529 240
530 243
535 243
539 243
546 243
555 242
557 241
566 241
570 239
570 231
566 227
564 217
563 209
560 204
558 195
554 197
547 199
546 199
542 199
538 199
538 199
536 196
535 188
535 182
535 179
534 175
534 169
534 164
540 161
545 160
550 159
551 158
551 158
554 167
555 177
557 184
557 187
557 191
557 191
555 193
545 195
538 195
535 199
535 203
536 208
537 215
538 220
539 227
540 231
541 234
542 238
542 239
545 240
554 243
564 242
568 241
572 235
573 232
574 235
581 241
584 241
592 241
597 241
601 241
608 241
610 241
615 238
619 230
620 222
619 214
617 207
616 202
614 201
606 201
603 201
600 202
597 202
594 199
592 192
591 183
591 180
591 176
590 167
590 162
590 160
597 157
603 155
608 155
610 155
613 162
618 170
619 183
621 189
621 191
618 197
618 199
614 202
608 202
600 202
598 202
593 202
593 207
590 221
590 225
590 228
590 233
591 235
598 239
602 240
610 240
615 239
622 237
629 237
632 237
635 239
641 242
650 243
655 243
659 242
662 239
664 230
664 222
664 211
663 207
654 204
648 203
646 203
643 199
641 191
641 187
645 183
645 181
653 180
659 180
662 181
664 183
665 188
665 193
665 195
662 203
661 205
660 207
648 209
642 202
643 207
643 218
642 221
642 224
641 231
639 236
638 238
638 239
645 242
640 243
633 253
629 260
625 267
622 275
621 279
618 285
617 287
616 287
609 281
603 273
599 270
588 266
583 266
579 266
575 266
576 263
578 254
574 246
572 239
570 238
571 233
576 257
577 260
577 262
574 263
570 263
564 264
560 267
556 271
550 279
550 279
548 279
545 271
542 265
538 260
534 256
531 251
529 247
545 278
544 283
541 287
538 293
536 297
535 300
535 303
537 305
537 315
541 326
552 335
558 338
566 343
578 345
584 347
592 347
600 345
615 339
622 333
629 318
628 306
626 301
621 293
620 289
619 287
618 285
616 285
628 306
637 306
641 306
647 308
653 311
656 312
657 312
658 314
658 320
654 327
651 331
649 336
645 341
638 343
627 348
615 352
602 351
598 349
591 346
590 345
590 345
594 352
586 354
578 359
574 360
565 363
554 364
547 364
540 363
534 363
529 367
526 371
523 373
512 378
510 381
509 382
507 382
496 379
496 379
496 379
498 371
505 353
509 351
514 347
517 345
526 351
528 358
530 361
532 363
533 363
517 342
515 339
512 335
510 332
509 331
514 331
519 331
177 324
196 356
202 376
206 389
212 397
235 412
249 419
269 427
302 434
314 434
324 424
326 383
327 375
328 369
332 365
301 432
286 449
267 460
256 465
241 476
235 486
231 492
211 463
191 423
178 399
180 383
191 373
197 362
209 337
202 304
184 283
167 281
158 285
151 297
140 327
145 342
155 354
164 360
172 364
180 366
193 355
195 352
196 350
188 366
180 371
164 380
153 379
135 361
126 336
125 314
124 284
129 267
144 251
156 238
159 236
164 232
166 232
117 300
115 325
121 346
127 361
130 371
132 386
127 406
125 421
124 437
124 462
124 464
150 468
161 472
186 480
205 481
211 480
216 480
220 478
241 484
283 451
298 439
314 418
321 405
322 404
328 396
328 420
326 438
327 451
327 466
327 470
320 482
311 495
288 511
273 516
238 522
200 527
178 525
163 523
144 508
147 501
150 482
149 476
147 470
147 468
146 467
129 458
117 426
111 408
105 378
104 346
108 315
113 281
127 259
145 239
155 235
164 232
168 232
162 219
144 217
127 221
112 237
99 254
92 264
90 292
95 298
100 302
109 305
111 306
92 301
78 325
73 337
72 354
73 365
83 375
92 378
98 379
100 379
65 362
55 374
38 398
27 420
27 433
27 459
25 472
19 484
22 487
33 488
53 494
65 494
78 479
87 464
99 452
107 437
112 423
112 419
109 390
108 379
61 361
48 381
38 396
32 412
27 425
28 442
25 461
22 479
20 491
19 496
19 510
19 525
21 531
42 547
54 548
66 547
78 538
78 525
74 519
75 505
77 498
69 494
68 492
84 504
89 509
88 524
85 524
80 528
78 531
81 537
84 543
87 520
93 528
95 540
94 547
88 552
71 554
61 557
48 559
38 559
28 555
21 537
20 533
20 529
39 544
39 548
39 551
43 554
46 556
53 556
62 556
64 556
70 553
67 549
65 545
65 545
71 541
74 540
74 540
77 540
80 536
79 532
77 525
75 519
75 510
75 506
74 503
73 498
69 495
68 492
67 489
67 486
72 482
78 476
85 467
91 459
97 450
100 445
104 438
109 429
112 423
112 416
118 426
121 432
126 443
128 450
136 462
144 468
135 467
132 483
133 492
133 497
136 505
143 509
149 513
160 517
174 520
191 522
205 524
226 526
243 524
251 521
251 512
249 495
249 487
249 478
255 469
262 465
271 454
285 443
300 423
305 417
314 400
322 379
323 376
328 368
331 368
344 368
353 371
364 374
373 375
389 370
399 366
400 364
400 364
404 364
412 365
412 365
412 365
416 366
424 375
433 385
442 392
453 400
464 404
470 405
484 407
501 406
509 406
516 405
521 404
524 405
547 403
556 401
570 390
580 382
587 374
592 366
596 361
597 358
600 355
604 354
603 367
598 377
595 386
589 391
580 396
569 399
549 403
529 404
526 404
519 396
526 386
530 378
530 377
532 372
545 372
552 374
560 374
580 372
590 367
596 360
596 359
596 354
592 348
584 343
565 334
560 331
554 319
550 309
548 296
546 284
550 276
555 270
566 264
577 263
565 264
557 267
554 274
550 280
548 285
546 289
546 298
547 302
540 308
540 308
538 312
538 312
543 322
547 323
552 320
552 320
555 322
557 324
559 326
557 328
555 330
555 332
555 333
560 335
564 336
566 338
568 340
571 337
571 336
576 336
580 337
588 340
594 339
600 336
605 334
608 332
612 329
615 325
618 320
623 317
625 311
626 308
626 304
626 300
