1433
206 54
200 58
200 60
198 61
191 69
189 71
188 76
187 84
187 88
187 95
186 100
186 103
188 105
186 108
186 108
188 111
193 113
195 113
207 112
213 112
216 116
216 118
216 118
212 119
208 119
202 119
199 118
196 117
195 116
192 111
192 111
192 112
192 117
192 118
191 125
191 127
192 131
192 133
192 138
193 141
195 144
196 147
198 151
200 155
200 157
200 160
201 165
201 168
201 169
201 171
203 176
203 177
204 177
205 177
208 177
208 177
209 173
208 172
208 170
209 169
212 168
218 168
222 168
226 168
228 168
232 168
234 169
236 170
237 172
237 173
238 175
238 175
241 176
245 176
250 175
251 175
252 173
252 168
252 167
260 158
262 156
265 151
265 144
265 139
266 135
267 132
267 124
267 118
267 115
263 110
260 110
255 110
252 110
257 111
256 111
256 111
256 111
256 112
256 115
256 116
256 116
252 116
252 116
249 116
247 116
246 116
244 116
241 116
239 116
236 116
236 116
236 116
236 116
236 116
234 116
234 112
234 112
234 112
236 112
238 112
240 112
241 112
244 111
245 111
247 110
248 110
250 110
253 109
253 109
256 109
257 109
259 109
259 107
259 104
259 102
258 101
256 99
255 95
255 93
254 92
254 89
256 86
258 83
259 80
259 79
252 77
250 76
244 76
238 74
237 75
234 74
234 79
233 83
233 87
233 88
232 92
230 94
230 95
230 95
230 95
224 96
221 96
218 96
216 96
212 96
208 96
208 96
206 95
204 93
204 86
204 82
204 79
205 76
205 76
200 75
199 75
194 76
193 76
192 77
191 79
190 81
189 83
188 84
186 86
186 86
186 82
186 76
185 74
185 72
187 72
188 68
193 64
196 61
201 58
204 56
208 55
213 52
216 51
224 51
228 51
241 51
250 52
259 54
266 54
272 56
278 58
282 60
288 70
288 75
288 78
287 85
286 89
285 93
285 96
285 100
286 102
287 104
287 108
287 110
287 112
286 117
285 120
283 128
284 131
284 133
283 136
281 139
279 142
277 143
274 144
273 144
270 145
268 140
267 134
268 132
267 128
268 124
268 120
268 118
272 112
272 109
273 109
278 107
282 106
284 106
288 106
288 106
287 103
287 104
287 116
285 118
283 121
280 123
276 127
274 129
272 131
272 132
271 133
269 134
266 137
266 137
265 139
265 141
266 144
268 144
274 145
276 144
276 144
276 144
279 142
279 148
277 152
277 154
277 156
277 160
277 160
275 163
276 163
271 164
263 167
261 167
257 169
256 172
253 175
253 176
253 178
252 180
252 183
252 184
252 184
241 186
235 186
231 186
224 187
220 187
215 187
212 187
206 187
206 187
206 187
205 185
204 183
204 181
204 179
204 177
207 177
202 176
205 176
209 176
207 177
208 181
209 181
209 181
214 181
218 181
220 181
224 181
227 181
229 182
232 181
236 181
237 181
238 181
240 180
240 179
240 177
240 176
240 176
242 175
245 174
249 174
254 174
255 174
257 174
260 173
264 169
265 168
266 168
268 167
268 167
269 165
270 165
273 164
276 167
275 168
275 172
275 172
275 172
278 157
278 157
280 159
281 164
284 167
285 171
287 175
287 178
288 179
284 184
281 188
272 197
269 201
268 203
264 205
254 206
246 206
232 205
230 205
221 204
214 204
212 203
208 202
202 199
201 196
201 195
203 192
203 192
205 187
204 187
204 187
204 185
200 170
192 170
185 173
172 184
152 197
150 200
152 209
152 219
151 231
153 236
153 254
158 256
163 247
166 232
169 222
172 217
180 210
182 208
188 205
195 200
199 200
203 197
198 200
198 197
204 221
211 242
212 245
199 247
183 265
181 272
180 282
181 288
184 293
186 301
191 307
198 309
207 311
215 311
224 311
231 309
238 305
245 300
249 289
251 282
252 272
247 262
242 257
238 253
224 244
224 244
220 244
216 244
212 244
211 244
208 244
208 244
208 244
224 244
228 244
229 244
235 250
240 252
240 252
240 252
242 249
244 242
246 240
255 227
259 222
262 218
266 213
270 209
270 208
271 205
270 204
274 196
276 190
278 188
283 183
292 174
296 172
291 173
302 167
311 163
322 162
328 162
347 162
358 163
368 166
374 172
375 178
375 185
375 188
375 189
372 190
355 192
350 193
339 198
332 205
328 212
324 220
321 226
320 234
320 239
321 246
325 254
329 259
334 266
340 272
350 277
358 278
364 280
374 280
385 274
395 267
396 266
396 266
392 265
381 252
380 241
379 231
381 221
380 215
383 204
387 192
390 188
396 182
411 176
419 175
432 175
441 174
445 175
446 167
440 150
438 147
436 139
434 131
432 124
429 116
428 105
428 100
443 106
444 112
449 120
455 130
460 140
462 151
463 158
464 164
465 168
469 169
472 169
473 161
473 150
475 138
472 111
471 110
471 110
471 110
472 103
472 100
477 98
480 98
484 99
487 104
490 110
492 116
492 121
493 125
494 132
494 136
495 141
496 148
496 153
495 159
495 166
495 167
496 169
500 169
500 168
502 159
502 155
503 147
504 140
507 132
508 126
508 124
508 121
508 117
508 111
508 108
514 106
519 108
523 115
526 122
528 129
528 136
528 142
524 151
523 155
521 160
520 167
518 171
518 172
518 174
520 174
524 168
527 157
528 153
529 146
532 140
533 133
535 129
539 126
547 131
549 137
549 144
548 152
547 158
543 165
540 170
536 176
533 184
532 188
531 194
529 202
528 209
527 213
527 219
524 228
524 231
518 240
514 244
502 249
496 248
487 248
476 248
468 247
464 244
460 244
452 244
450 244
445 245
437 243
430 238
427 235
425 234
417 232
416 232
409 231
408 231
405 230
402 221
398 213
411 210
415 210
419 211
424 212
437 214
442 214
448 211
449 207
451 200
451 195
449 187
448 184
447 179
445 176
444 172
444 168
449 172
460 168
463 167
464 167
464 158
464 152
459 145
453 144
452 144
448 149
448 151
448 155
451 160
452 162
453 164
454 165
455 166
456 167
456 167
448 149
448 149
447 146
444 140
444 134
444 131
444 128
449 126
451 126
452 126
454 133
455 137
455 140
456 144
457 146
459 148
460 151
460 152
463 158
464 161
464 164
464 164
470 168
472 168
472 168
479 168
480 168
481 168
481 168
483 164
484 156
484 149
484 147
483 142
481 136
481 130
480 126
479 122
479 120
484 118
486 118
490 121
492 128
492 131
492 133
492 136
491 138
488 139
486 139
484 140
482 143
482 147
482 152
482 158
482 160
482 160
483 163
485 164
488 164
492 165
494 165
494 165
495 157
496 167
502 167
502 167
508 167
509 167
508 163
509 156
509 152
511 151
512 144
514 140
516 135
516 132
516 130
518 128
520 126
523 126
529 126
529 127
526 132
526 136
526 143
526 146
524 148
522 149
520 148
516 149
514 148
513 148
512 148
512 151
510 155
509 160
508 161
508 164
508 166
513 168
516 168
516 170
517 172
520 174
521 174
525 176
526 176
532 166
532 165
534 161
535 157
535 152
536 149
537 146
538 144
541 143
545 143
546 147
547 150
547 154
546 157
544 160
543 162
541 163
538 163
536 163
535 162
534 162
532 164
530 167
526 173
526 174
528 176
530 178
532 178
532 179
532 180
532 182
530 189
527 192
526 192
523 198
520 200
518 202
515 204
513 206
513 208
511 207
507 200
502 198
502 198
502 197
506 191
508 188
510 185
516 180
517 176
518 172
515 168
504 165
500 165
496 165
494 168
494 175
494 180
493 181
493 185
493 189
492 190
492 192
492 194
487 193
484 193
480 191
478 191
476 191
476 184
476 180
472 174
472 173
471 172
470 168
469 167
469 167
468 167
476 188
476 188
476 188
475 190
473 194
468 198
465 206
464 212
464 216
468 221
472 225
477 229
485 232
491 232
496 232
508 226
511 222
512 216
512 212
510 206
505 202
502 196
497 196
492 195
488 193
484 192
480 192
472 193
470 196
467 201
464 206
463 213
462 213
456 212
452 212
447 211
445 210
440 211
440 211
433 213
432 217
432 217
427 217
424 217
423 216
417 216
416 215
413 218
413 219
412 224
412 225
416 229
423 232
423 232
424 232
424 232
425 225
425 224
426 219
428 218
430 218
436 220
437 222
442 226
444 228
445 229
448 230
449 232
452 233
454 235
454 237
456 241
456 241
456 242
457 243
460 243
461 242
466 237
468 235
471 232
473 230
475 228
476 226
456 242
456 242
456 242
458 244
463 245
479 248
484 248
490 248
495 249
491 252
484 256
479 260
465 269
458 272
448 276
443 276
423 275
417 273
408 272
404 271
400 268
396 266
394 264
396 262
406 254
413 249
417 247
421 245
425 244
428 241
428 240
424 240
416 246
401 256
399 257
393 258
392 258
388 259
385 259
383 252
380 242
379 231
378 224
379 218
380 208
382 201
384 196
385 192
384 192
376 191
374 191
372 191
369 191
364 191
359 200
355 208
349 219
348 224
346 237
346 245
352 249
358 254
365 260
372 264
377 265
388 268
390 268
392 268
395 267
392 263
379 249
378 239
379 226
381 211
382 199
384 197
385 194
388 188
383 185
378 182
376 181
375 180
374 179
372 188
372 188
365 188
361 189
354 191
341 195
335 199
327 208
324 212
320 220
318 225
318 225
314 224
308 216
302 209
300 208
293 205
287 204
283 203
280 202
276 202
275 202
275 202
272 201
271 196
277 188
285 181
290 176
296 170
297 169
296 166
292 164
288 163
285 162
283 161
282 162
279 161
279 161
280 161
284 174
284 176
284 183
280 187
274 193
272 197
270 202
297 208
301 211
305 213
314 221
317 225
322 235
324 244
326 258
327 260
336 266
336 266
338 272
334 277
322 290
318 300
312 313
305 324
299 334
296 339
293 345
293 351
299 362
297 362
276 357
272 355
263 350
259 344
253 335
246 325
242 318
238 312
232 308
228 305
216 308
206 307
197 306
192 304
188 301
186 299
185 298
182 300
178 313
177 322
175 332
173 344
172 352
172 354
164 352
159 344
155 327
154 317
152 307
152 295
150 286
150 281
152 266
154 260
155 256
155 252
155 252
152 250
146 248
139 245
138 244
137 241
139 227
140 225
141 216
144 210
145 207
149 202
149 202
149 202
153 248
153 249
153 251
148 253
141 248
136 250
136 261
136 271
136 286
136 289
137 297
138 299
141 301
146 304
151 308
153 308
152 309
140 298
132 297
128 300
126 314
124 328
124 335
122 343
122 353
123 385
125 405
129 428
129 433
133 441
143 444
151 444
156 437
155 428
154 418
154 406
153 398
154 384
154 380
158 372
160 366
161 362
164 356
164 354
165 354
168 354
169 355
172 365
173 373
174 379
176 386
176 396
177 400
179 401
187 402
193 402
196 398
196 386
196 379
196 376
209 372
216 373
224 376
227 378
231 392
232 397
235 401
246 404
254 404
266 404
266 404
269 396
269 383
270 371
270 365
271 358
271 356
273 357
272 380
272 381
291 384
309 380
316 377
323 367
328 355
328 345
330 335
330 332
325 332
316 336
309 340
306 341
300 341
296 342
293 341
326 332
328 332
333 327
339 319
340 312
341 304
343 296
344 289
345 282
345 282
345 277
344 276
299 340
299 340
294 341
291 340
295 341
294 346
294 351
293 356
293 356
291 357
286 358
278 357
267 356
264 355
262 348
254 346
250 342
243 338
233 336
228 336
220 336
215 337
206 338
196 337
193 337
188 339
184 340
184 340
180 340
177 340
174 336
172 336
172 333
172 333
176 312
178 305
180 300
181 297
181 296
181 296
184 292
184 292
182 281
182 277
182 272
182 268
186 260
186 258
194 252
198 249
200 248
207 244
208 243
204 242
203 240
201 237
199 232
196 228
194 224
192 219
191 216
190 209
190 205
192 203
196 200
196 200
197 199
201 198
205 197
206 193
215 194
223 195
226 195
234 195
241 195
248 195
255 196
260 194
262 192
270 187
272 184
275 180
278 177
279 176
282 172
282 172
283 171
284 170
276 159
276 154
276 149
275 143
275 143
268 142
268 141
265 137
265 134
265 125
264 120
264 116
264 113
261 113
257 112
256 112
256 112
252 118
246 117
240 116
238 116
237 115
234 115
234 116
232 111
233 114
232 119
232 123
232 128
231 132
231 135
231 141
232 145
233 148
234 152
235 156
236 159
236 160
236 163
234 165
234 164
234 167
234 167
234 167
214 168
212 168
211 168
210 161
210 156
210 154
209 150
208 148
208 147
208 145
207 143
207 138
207 136
207 133
208 127
208 127
208 124
209 121
209 120
209 118
209 116
209 113
209 113
210 116
210 114
211 111
211 111
213 113
213 115
213 117
213 117
213 116
212 116
212 116
212 116
212 112
208 109
208 109
207 105
207 102
207 99
207 98
207 96
207 96
207 96
228 94
228 94
230 100
231 103
231 107
231 109
231 110
231 111
233 112
233 112
