3436
178 65
190 56
199 54
210 52
222 51
232 52
242 56
252 63
258 68
263 76
266 79
268 86
270 93
272 100
274 107
276 115
278 119
280 122
278 126
277 130
274 135
274 141
274 146
274 156
274 158
274 161
274 166
270 178
267 184
265 188
261 194
259 198
249 202
246 202
237 203
228 204
220 204
215 204
213 203
203 195
199 191
196 187
190 183
189 182
190 177
190 170
186 163
181 158
171 158
170 158
169 158
169 163
169 167
169 171
169 178
168 187
168 194
168 199
167 206
165 212
162 215
158 220
157 220
152 220
149 216
149 210
149 203
148 192
145 179
142 168
140 159
137 151
135 148
127 149
126 150
125 157
125 165
126 174
126 182
126 190
127 198
127 205
129 211
128 225
129 226
120 224
118 218
116 209
114 204
111 196
108 185
106 181
103 178
101 178
98 178
97 180
95 184
94 186
94 189
94 199
96 203
99 210
102 215
102 219
103 225
103 227
103 231
99 231
98 230
93 221
89 212
86 207
84 206
79 203
77 206
74 210
74 213
75 219
77 223
79 228
81 233
83 239
85 242
87 250
90 253
94 253
98 252
99 250
100 242
101 239
101 234
101 233
105 235
106 238
109 240
114 241
121 242
124 242
126 242
126 234
126 231
125 229
129 227
132 230
136 233
139 233
142 233
146 232
147 230
149 224
150 220
150 219
159 221
161 223
164 226
173 229
177 229
180 228
181 226
185 210
185 203
185 197
185 193
185 188
189 182
183 182
180 182
174 181
172 181
172 182
173 189
178 190
182 191
186 197
186 201
186 202
184 205
182 205
175 205
171 205
169 205
166 210
168 212
172 214
176 214
179 215
181 216
181 216
180 226
174 226
166 226
161 222
158 220
153 219
151 218
150 214
150 210
148 210
144 211
140 211
133 212
132 211
128 210
129 204
133 204
138 203
142 201
143 199
144 198
147 194
146 188
142 178
134 178
130 178
129 178
127 174
128 170
132 170
135 169
137 168
138 167
128 171
127 176
127 201
128 219
126 226
119 222
115 224
111 225
106 225
104 225
102 219
106 217
110 215
113 214
114 213
115 210
114 205
112 200
110 200
106 201
102 202
99 202
100 208
102 213
102 217
105 222
104 224
103 231
97 230
96 230
93 234
91 235
86 237
85 237
82 232
85 230
90 227
90 226
92 222
90 218
84 220
83 220
80 222
77 219
82 215
83 215
86 214
86 214
88 213
76 218
76 221
78 226
80 230
82 234
84 240
87 247
88 253
85 253
86 253
85 259
85 263
86 272
87 280
88 286
88 286
88 292
90 302
92 307
96 311
100 314
107 315
116 315
134 316
139 316
149 315
153 314
163 311
166 308
172 306
174 304
174 303
175 302
178 298
178 294
180 287
180 281
182 278
182 277
187 275
193 276
205 279
209 281
213 281
225 281
229 281
230 281
231 289
231 291
230 293
227 295
224 298
222 298
215 301
209 301
202 300
197 300
195 299
191 300
189 301
185 302
182 302
181 302
180 302
194 298
197 298
198 298
198 295
197 291
197 290
196 286
196 282
197 280
198 280
203 280
203 284
204 292
205 294
206 297
209 298
214 298
220 297
228 290
222 286
218 288
214 289
210 289
207 289
203 288
203 288
202 286
201 278
198 278
189 275
184 272
182 262
179 258
178 255
176 253
177 248
178 245
178 239
178 233
178 227
178 227
158 223
151 220
146 232
148 244
149 246
150 250
150 254
146 256
137 256
136 256
130 251
127 245
126 242
123 240
110 239
103 238
102 240
108 251
110 256
111 262
114 265
111 266
104 267
100 267
96 268
94 267
90 267
86 266
93 267
94 270
93 274
93 278
94 289
95 294
98 298
100 303
102 306
104 306
104 306
106 310
106 310
105 313
107 313
111 311
117 306
118 306
124 302
130 298
130 298
130 298
129 292
128 288
128 286
124 284
122 282
118 276
118 272
119 264
122 262
125 260
130 259
140 257
143 257
145 257
149 259
152 262
156 266
157 271
157 275
157 278
157 281
155 283
153 287
151 289
149 290
143 291
140 292
135 292
133 292
131 292
129 290
126 288
122 284
120 281
134 291
140 292
150 292
154 290
156 286
157 283
157 287
160 292
162 295
165 297
170 302
171 303
171 303
178 288
178 280
179 277
186 274
184 271
179 265
178 261
174 255
174 253
167 256
164 258
160 259
159 260
156 262
154 262
154 259
150 252
149 251
148 234
149 225
149 221
150 211
149 204
143 197
139 198
137 201
131 201
129 201
125 200
127 176
130 174
142 176
142 171
135 167
146 172
157 170
158 171
165 175
168 177
166 179
162 181
157 183
151 187
149 189
148 189
148 189
142 172
145 170
161 173
167 171
168 165
170 161
173 150
173 141
170 138
165 135
164 130
163 122
162 110
162 108
170 107
170 108
170 114
172 118
172 126
172 134
172 141
172 141
171 141
171 143
170 145
169 145
166 140
165 138
163 130
162 127
162 109
166 108
165 105
162 97
162 94
162 88
165 86
169 86
172 86
174 86
176 91
176 96
177 102
178 106
179 107
181 113
184 117
187 120
191 123
194 123
197 124
200 125
204 125
213 126
218 126
220 126
223 127
229 128
233 128
238 128
245 128
253 125
254 124
256 122
261 121
263 120
267 117
269 115
271 114
272 115
271 118
270 122
269 125
268 126
267 127
263 131
261 132
257 133
256 134
253 134
251 134
249 132
247 129
240 131
235 130
233 130
227 130
226 132
227 134
227 134
224 135
221 135
216 135
213 135
208 134
205 134
202 133
202 131
200 130
200 127
199 126
190 126
197 129
198 130
200 131
199 132
195 133
185 132
178 131
178 132
176 129
178 126
179 122
179 120
179 115
178 110
178 110
178 126
177 130
177 134
178 135
179 138
180 139
181 143
182 146
184 146
187 148
191 150
194 150
200 154
205 156
210 159
212 161
216 166
219 172
222 178
224 182
225 183
226 183
226 183
230 180
230 178
234 178
237 178
243 178
246 177
249 177
251 177
251 177
252 177
253 178
256 178
257 180
259 180
262 177
262 176
264 173
266 169
266 163
265 162
264 155
264 151
265 146
265 144
266 142
266 139
269 135
272 130
272 130
272 128
272 124
272 123
274 123
274 131
274 138
272 144
271 150
270 156
269 158
267 163
267 166
267 167
267 170
266 170
266 178
266 178
264 180
260 184
260 185
259 186
257 186
254 186
249 186
247 185
246 185
239 185
234 185
232 185
229 187
228 188
228 189
228 190
226 190
220 190
220 190
214 189
212 189
206 185
205 185
203 183
200 180
199 178
199 172
198 167
197 165
194 160
190 156
185 152
183 150
182 150
182 149
182 145
190 146
194 150
202 160
203 165
206 169
207 173
209 174
210 176
211 178
211 178
213 182
212 186
212 188
213 190
216 191
224 192
225 193
227 195
228 196
233 196
238 196
243 196
248 196
251 196
252 194
253 194
255 191
257 191
257 188
257 186
258 190
258 194
258 195
255 198
250 200
239 201
234 201
225 201
219 199
220 194
220 194
221 193
218 191
202 183
198 174
195 167
190 166
187 164
178 155
176 150
174 150
172 147
172 144
169 107
163 104
162 90
166 85
168 84
163 83
164 80
166 85
168 78
169 74
172 68
174 66
177 65
179 65
183 66
187 70
194 77
196 80
200 82
200 83
202 89
202 99
204 103
206 111
207 118
208 120
209 121
210 122
209 123
209 123
203 123
198 121
191 118
189 118
187 117
189 117
182 114
181 112
180 111
184 109
185 109
186 106
186 105
189 104
189 104
189 100
189 96
188 94
186 90
184 87
183 84
183 82
189 80
189 80
192 78
196 78
198 78
203 77
206 77
209 76
209 76
211 79
214 82
214 86
216 91
216 92
218 95
218 98
218 98
222 98
226 99
232 98
238 98
242 98
244 97
245 95
246 94
245 86
244 82
243 78
242 74
242 73
242 71
245 71
246 71
250 71
254 71
258 72
259 73
260 73
262 76
263 80
263 85
265 91
266 96
267 99
267 102
267 108
268 110
269 111
270 112
270 113
271 114
274 150
274 156
274 159
274 164
274 168
270 173
270 176
268 180
266 182
266 186
275 188
278 190
284 192
292 194
303 200
308 210
309 211
310 211
305 211
290 209
280 207
274 208
270 207
262 208
262 208
260 206
258 204
255 200
264 201
264 201
276 202
288 202
290 202
296 202
298 202
304 206
306 206
307 207
317 206
326 207
333 210
342 214
355 226
359 232
361 235
359 238
359 239
372 244
384 246
398 253
401 258
404 267
407 278
407 291
407 298
407 306
404 307
394 308
386 308
376 309
372 310
369 313
368 312
366 307
366 302
366 301
362 291
356 290
355 290
351 290
346 291
346 291
345 290
345 280
350 274
350 272
349 260
346 255
342 246
335 237
328 229
322 224
306 218
299 215
294 213
286 210
275 210
262 209
258 206
261 214
262 217
263 221
263 222
253 222
253 226
252 233
253 239
253 240
247 240
238 241
238 241
234 237
232 232
230 230
230 229
226 225
222 220
214 218
205 218
205 218
204 218
204 218
203 214
202 209
197 201
194 197
193 195
190 192
186 190
186 190
186 189
192 186
197 193
201 200
207 204
215 209
222 210
229 211
239 212
245 211
247 211
252 210
254 206
256 206
258 207
258 215
256 219
253 220
246 222
242 222
237 223
232 223
230 223
222 223
219 222
214 218
208 215
205 214
202 214
201 212
196 206
192 200
186 194
177 190
169 188
168 188
168 185
163 183
163 183
158 187
157 190
153 195
152 196
148 198
147 198
142 196
139 196
130 198
126 198
126 192
126 184
122 178
120 178
116 182
114 186
114 190
114 191
114 191
114 191
121 195
122 195
123 195
123 198
123 199
121 199
116 199
116 198
114 198
113 196
113 193
113 192
112 192
109 192
106 198
105 198
102 199
96 199
96 199
96 199
94 198
90 198
89 198
89 198
81 198
70 201
62 203
57 206
49 213
46 218
44 224
42 228
40 234
37 250
36 256
36 261
42 277
46 280
48 282
52 283
58 285
62 286
62 281
61 275
60 268
61 258
63 247
66 242
68 240
67 240
63 236
59 231
58 227
58 223
54 221
51 218
50 215
50 213
57 208
58 207
63 205
68 205
69 205
71 209
74 213
77 216
72 216
62 220
61 222
60 224
60 227
60 232
64 229
67 224
74 221
75 221
79 221
81 221
79 227
79 227
74 230
66 236
66 237
65 238
63 242
54 246
51 254
49 262
50 268
50 273
50 277
53 281
57 284
60 284
60 278
63 264
64 260
66 254
70 246
74 241
78 239
80 239
81 239
81 244
79 249
75 254
71 259
67 267
66 270
65 274
66 277
66 277
70 277
72 276
74 276
75 267
77 265
76 257
74 255
74 254
75 266
75 268
76 272
76 276
82 278
83 278
83 268
78 276
74 286
74 291
74 302
74 308
77 311
83 311
83 312
74 314
62 313
61 313
61 309
61 297
61 289
61 286
61 286
62 286
62 297
59 304
61 309
70 312
72 314
78 314
78 314
86 295
83 305
82 309
81 312
79 318
77 320
66 322
63 322
57 326
57 328
57 333
61 338
64 343
68 346
70 346
78 346
85 346
86 346
94 346
95 345
97 340
99 335
99 331
97 329
94 326
92 326
90 325
85 325
82 324
75 320
74 320
74 320
73 323
66 327
65 327
63 332
67 334
74 334
78 335
78 338
78 339
78 340
72 342
69 342
68 342
82 342
90 343
94 341
97 335
92 334
90 335
90 335
100 335
106 337
105 342
110 343
118 347
130 350
137 351
135 351
131 351
133 355
131 360
129 362
128 363
125 363
115 360
108 358
103 355
99 352
95 350
93 347
93 346
93 346
101 339
111 343
124 349
126 353
126 355
124 358
122 359
123 358
124 350
130 350
138 346
142 341
150 338
156 337
161 336
168 330
172 326
172 323
172 320
172 318
172 312
171 309
170 307
164 310
162 310
162 312
162 315
157 318
154 318
149 320
144 320
141 321
139 321
135 321
125 321
120 319
115 317
114 317
109 317
110 318
117 322
121 324
125 326
130 326
137 327
144 327
147 326
156 322
158 319
160 314
161 311
162 311
170 307
172 307
174 310
180 316
184 321
187 326
193 334
193 334
202 335
209 332
217 329
229 325
242 321
250 317
253 316
253 314
246 310
244 307
243 303
242 296
243 287
246 281
252 277
262 274
268 274
275 278
286 288
289 293
290 299
290 308
286 314
281 318
280 318
279 318
286 311
288 310
290 308
291 308
299 312
305 319
311 325
314 327
316 329
319 332
320 333
323 331
331 324
334 322
342 317
348 314
353 310
356 309
357 309
357 307
357 301
357 297
357 293
357 291
352 291
346 291
344 282
346 275
348 270
347 261
341 250
338 242
329 233
325 230
313 234
310 235
304 240
300 242
300 242
295 242
290 242
283 249
282 253
280 256
275 259
270 263
266 266
263 268
263 272
263 274
258 274
254 274
250 274
250 271
247 265
246 263
238 261
234 262
231 262
224 260
218 257
214 254
209 249
206 246
202 243
195 241
189 238
182 238
181 238
177 238
177 238
178 241
178 249
178 253
178 256
182 264
183 267
186 270
190 274
199 278
211 280
195 274
182 276
179 278
179 284
178 290
177 296
175 299
174 302
174 307
174 313
174 314
174 319
174 322
171 326
168 328
164 333
162 336
156 339
148 342
142 342
141 342
134 342
128 341
125 340
118 337
115 336
111 333
112 333
126 340
131 341
135 342
140 342
143 342
140 347
138 349
136 350
134 351
140 348
146 345
150 342
153 341
148 346
163 353
166 354
176 357
186 358
195 361
203 362
207 364
210 366
211 367
211 370
210 371
197 378
194 382
190 386
187 390
184 391
182 393
170 397
157 392
154 392
148 394
144 399
142 404
141 405
139 403
132 398
127 390
125 383
121 377
118 371
116 366
114 363
114 362
114 362
114 361
114 360
114 359
122 362
129 363
133 371
138 377
142 387
146 392
150 394
154 397
157 398
173 394
177 394
177 394
165 384
160 379
156 373
151 364
148 359
144 352
142 350
139 344
139 344
146 341
157 349
161 352
166 354
175 358
184 360
202 365
206 366
206 366
209 366
209 366
211 368
214 362
215 357
216 354
217 350
217 348
206 346
202 346
197 343
190 342
187 340
185 338
181 335
179 334
176 329
171 324
171 322
173 310
182 321
188 328
191 331
197 335
219 331
222 324
223 323
226 329
229 338
233 342
238 349
242 356
242 358
241 363
240 366
239 378
240 382
245 378
252 376
256 375
269 375
278 374
286 374
291 374
297 374
299 375
299 375
303 375
300 375
302 375
303 369
303 368
304 359
303 355
303 353
306 348
310 343
312 341
316 335
318 334
318 332
291 309
290 308
287 308
277 318
274 318
274 319
275 324
275 330
275 330
275 330
268 330
268 330
268 326
266 322
266 322
263 320
261 319
257 318
254 317
251 316
250 313
245 309
249 312
253 312
250 308
248 302
248 301
248 297
250 291
253 288
258 285
260 284
266 284
269 284
272 286
276 289
278 291
281 294
282 298
283 301
283 303
283 306
280 309
278 310
275 313
272 314
268 314
263 315
260 314
256 314
254 311
251 308
250 306
250 301
250 294
251 292
254 290
249 306
252 308
255 310
259 313
266 314
270 314
274 314
278 312
281 310
283 306
283 306
289 306
290 306
292 309
294 310
294 310
318 332
314 337
303 348
302 354
304 365
303 366
304 370
304 374
301 377
299 378
306 381
314 382
322 384
329 387
332 388
335 390
336 390
341 385
342 379
345 374
346 367
347 362
347 356
348 350
348 346
350 342
351 342
351 334
351 329
351 321
350 315
350 313
339 317
332 324
331 327
330 336
328 341
326 349
321 355
318 360
314 365
310 369
306 373
302 375
299 377
302 378
318 381
322 382
323 382
329 378
332 374
334 370
337 363
338 358
340 354
342 350
345 346
348 343
349 342
349 314
350 311
357 310
358 310
353 317
360 315
366 311
367 310
368 310
362 294
358 293
350 289
360 285
361 281
359 267
356 263
354 262
351 261
350 262
347 266
346 272
351 276
352 280
351 284
349 287
347 288
347 288
344 286
344 282
343 276
347 268
347 265
348 252
347 251
350 246
354 241
357 239
358 238
360 238
357 231
349 237
347 241
346 243
345 247
343 251
343 254
363 272
364 275
364 282
359 287
359 287
367 287
372 287
381 289
385 290
386 292
388 301
389 305
389 305
386 306
385 304
382 300
379 294
375 294
372 294
365 292
362 292
361 292
363 295
366 307
366 310
379 311
387 310
394 310
395 310
376 309
380 312
383 320
384 322
386 328
386 332
387 337
389 346
390 354
390 361
390 366
392 370
392 372
392 374
398 378
398 380
402 386
404 390
405 394
405 394
402 394
396 397
390 399
378 402
365 404
364 404
358 404
357 404
355 404
350 402
349 397
348 395
345 393
342 390
341 386
341 386
346 386
350 386
356 386
363 385
366 385
369 382
371 379
383 378
386 377
387 376
389 375
390 374
379 378
370 379
375 389
376 392
379 397
382 399
386 399
398 399
408 397
410 395
406 389
404 377
403 371
403 364
397 368
396 370
394 374
394 374
401 365
405 365
411 377
417 382
423 389
430 400
441 414
455 428
458 437
458 450
458 464
460 475
460 493
457 518
454 523
450 531
449 531
436 533
432 535
418 538
414 539
413 538
411 531
411 522
410 514
407 507
401 498
394 491
388 482
383 473
378 467
371 455
367 446
364 436
362 429
359 422
358 417
353 407
350 402
351 400
364 442
366 452
371 462
386 472
397 481
406 488
416 492
422 492
428 481
429 463
426 454
425 445
423 435
421 425
418 416
413 404
410 402
405 398
398 395
396 398
394 401
384 402
391 414
394 425
397 440
400 450
402 456
405 464
403 464
401 464
382 454
382 452
378 445
374 438
369 428
364 417
362 410
360 405
364 402
355 403
350 405
356 421
364 437
370 452
378 466
387 478
391 482
406 495
410 510
410 522
410 526
411 527
416 528
418 528
423 529
423 529
430 524
432 523
436 522
446 524
446 525
449 526
451 526
453 530
453 537
453 537
438 538
432 539
426 538
421 538
419 538
429 542
433 542
441 543
449 543
451 543
452 543
453 537
453 536
454 530
457 534
460 540
465 553
467 559
467 566
467 567
467 570
462 574
458 577
456 577
452 578
438 578
431 578
426 578
423 578
418 578
417 578
410 574
408 570
408 568
411 564
411 562
409 560
408 560
406 558
405 558
405 557
406 553
406 544
406 541
410 538
414 536
405 559
406 561
406 562
405 567
405 570
407 571
407 571
409 570
409 564
415 566
421 572
422 574
424 575
425 576
425 576
425 576
409 562
410 559
416 558
419 558
422 562
422 566
422 569
424 572
424 573
424 574
421 575
417 580
421 582
422 583
422 583
429 582
429 582
429 580
429 578
430 582
433 582
440 581
444 580
450 578
453 577
439 575
435 572
429 569
426 567
423 566
420 563
419 561
420 558
420 554
422 549
424 544
423 542
422 542
418 541
417 540
413 538
408 509
406 519
405 512
402 502
399 497
398 493
394 488
390 484
386 478
380 474
375 470
371 463
367 454
363 445
360 436
355 425
353 419
349 409
348 398
346 394
343 390
340 386
334 386
326 386
314 380
306 376
324 387
328 388
333 387
331 395
330 401
330 406
329 417
330 424
330 434
330 442
332 454
334 459
336 469
338 475
339 480
341 486
343 492
343 495
342 496
333 496
324 498
318 500
304 507
301 509
296 512
295 513
295 509
296 499
295 486
295 471
295 458
294 445
294 442
296 434
300 424
298 414
297 405
296 396
298 385
298 379
298 375
288 374
278 374
268 373
249 373
242 374
239 374
237 372
226 370
218 367
214 366
210 366
210 366
220 347
225 348
228 348
231 348
236 348
238 349
239 377
239 388
239 391
242 402
244 412
244 412
244 418
245 424
244 424
241 426
246 426
253 426
257 426
260 426
273 426
285 429
290 430
294 431
295 432
294 438
294 449
293 460
293 468
293 471
290 474
281 475
271 474
265 473
261 473
255 473
250 475
245 474
246 464
246 457
246 449
246 445
244 437
242 431
242 428
240 426
237 422
235 419
224 414
219 411
210 410
202 408
196 406
193 405
187 404
186 402
186 396
183 390
182 390
185 399
182 403
172 404
168 406
158 410
157 410
156 411
156 410
155 402
152 399
150 398
150 396
152 409
150 408
146 408
145 402
144 398
148 404
150 408
151 411
152 416
154 420
155 428
155 434
154 442
154 451
151 460
150 466
150 473
149 480
146 489
146 494
146 498
136 500
133 503
127 510
120 518
117 522
116 527
115 534
115 539
115 543
115 544
122 546
125 541
126 538
126 534
128 530
130 527
136 525
138 524
142 525
156 534
156 536
159 542
161 549
162 555
163 557
163 561
165 565
166 569
166 571
170 570
174 565
182 559
190 555
194 553
199 551
201 550
202 546
202 533
199 526
194 518
188 508
181 503
171 500
155 498
152 498
143 497
142 498
174 494
183 500
186 502
189 506
193 510
191 507
201 507
214 507
222 507
229 509
237 511
242 512
249 514
253 517
254 522
255 527
252 535
250 539
246 544
244 546
240 550
238 553
229 553
220 552
204 550
202 550
198 550
232 551
237 552
245 558
250 567
255 573
258 575
263 576
278 576
285 576
288 576
293 575
293 575
295 567
297 559
298 550
298 546
299 541
300 538
298 536
295 529
290 521
289 519
286 517
276 517
267 517
260 517
258 517
250 516
250 525
245 534
242 541
239 549
238 554
238 555
251 518
248 518
248 518
250 516
274 516
286 516
286 516
288 522
283 518
285 522
287 528
289 532
291 534
292 535
294 540
296 541
297 544
297 549
298 555
298 537
291 528
288 522
288 518
292 514
294 513
296 512
293 510
285 518
282 518
275 515
265 514
249 513
242 509
240 506
244 498
244 496
244 495
243 486
242 479
240 476
240 473
242 470
242 470
226 465
220 463
213 462
206 459
190 455
184 454
174 454
166 454
162 454
158 454
157 454
154 454
159 454
178 453
186 453
187 453
184 442
182 438
180 433
178 430
167 430
164 430
160 430
154 430
154 430
152 444
151 450
150 458
150 462
148 469
154 471
164 471
178 472
182 472
183 472
186 476
188 482
191 486
195 495
198 499
205 504
210 504
212 504
219 505
223 506
229 508
242 510
251 511
268 512
274 512
281 512
287 513
293 512
296 509
300 506
308 505
310 501
316 498
318 485
321 482
325 479
330 477
332 477
334 475
335 474
336 469
334 461
332 457
326 454
320 462
316 464
311 466
306 469
302 470
296 470
294 470
319 464
316 459
318 450
319 446
320 442
322 440
323 439
326 437
328 432
328 427
328 418
323 421
318 423
316 425
309 429
305 430
301 430
299 430
298 430
293 462
294 478
294 489
296 504
299 512
295 514
294 520
295 523
294 526
294 529
298 554
302 550
308 546
318 543
335 540
344 541
350 541
354 540
358 541
359 541
361 539
369 540
374 539
376 537
376 537
375 533
374 531
373 528
370 523
368 518
364 513
360 506
358 502
352 498
350 498
344 495
344 495
340 495
342 502
348 506
354 512
358 516
359 520
363 525
363 526
363 530
363 537
363 538
363 539
350 536
342 536
322 538
319 539
312 543
308 545
308 546
305 546
303 547
298 543
298 538
296 530
297 530
301 523
302 520
305 519
322 515
329 515
341 513
346 511
349 510
349 510
350 508
345 503
340 497
339 495
332 497
324 500
316 503
306 506
299 509
291 514
290 514
285 517
276 518
264 515
253 513
249 515
242 528
241 528
234 525
228 523
222 522
219 522
214 522
206 524
205 525
203 526
198 527
198 527
202 549
185 554
181 557
172 563
165 567
164 568
168 570
164 578
157 586
151 588
142 589
136 588
131 586
126 582
120 575
120 565
119 560
118 555
118 551
118 546
118 543
121 538
125 534
119 541
122 541
121 540
123 535
127 534
135 534
137 535
142 540
144 543
146 546
149 550
150 556
150 560
150 564
150 569
150 574
150 578
149 579
148 580
144 582
138 584
135 584
130 585
129 585
122 583
118 573
115 567
116 563
120 562
125 561
130 560
131 560
131 560
131 557
131 555
128 554
125 555
122 555
118 556
116 556
116 556
117 562
117 563
118 551
119 544
123 540
126 537
118 545
113 541
115 531
116 526
120 518
126 511
134 500
148 495
156 495
163 495
172 497
178 499
187 503
198 507
210 508
223 508
230 509
241 511
258 508
246 509
246 504
246 497
247 491
249 482
249 480
250 478
252 478
255 478
257 482
258 486
259 490
261 494
263 498
264 498
266 499
270 500
272 500
274 500
278 500
279 500
280 500
282 500
283 498
285 494
285 490
286 486
286 481
286 478
286 476
288 473
290 467
291 456
290 453
290 450
290 442
290 437
290 433
288 430
284 429
274 428
265 428
259 428
254 427
251 426
254 431
254 437
254 442
255 446
255 452
255 457
255 459
255 463
255 466
256 469
256 470
256 474
256 474
254 476
250 476
250 472
251 466
251 462
251 457
251 452
252 447
251 445
251 440
251 436
250 430
249 428
249 426
249 426
249 426
254 425
255 424
255 419
255 413
255 406
256 402
256 397
254 392
254 388
252 385
251 380
250 378
248 378
244 378
246 381
246 385
248 389
250 392
250 400
250 405
250 408
250 413
250 418
250 420
250 423
251 424
254 425
261 425
267 425
273 425
278 426
285 426
287 426
289 426
290 426
291 421
288 406
290 396
290 391
290 385
290 379
290 375
289 374
286 374
281 374
281 374
281 376
278 377
274 378
273 378
269 378
268 378
266 378
266 376
265 375
265 375
262 374
262 373
293 373
296 373
301 374
306 379
320 382
322 382
330 385
333 386
338 389
342 380
346 372
347 364
347 360
348 351
348 347
350 342
358 346
363 350
366 351
366 358
367 366
367 370
368 376
370 379
370 379
370 379
366 357
364 350
364 350
367 347
374 342
377 339
378 338
380 334
382 331
382 327
383 327
385 324
384 322
380 312
386 321
386 318
389 314
392 310
394 308
395 310
394 312
393 314
391 318
390 320
388 322
388 322
386 325
386 325
384 327
387 321
390 316
390 314
394 310
396 308
398 306
399 306
401 307
400 310
397 314
394 317
393 320
391 322
389 326
387 327
386 328
386 328
385 329
398 308
398 306
405 306
405 306
406 305
407 296
407 291
407 285
407 278
407 272
406 267
402 258
406 271
399 263
394 261
392 260
386 258
384 258
378 255
374 255
366 255
361 255
358 255
355 255
353 255
350 255
349 255
346 254
344 254
338 246
333 238
330 234
326 228
320 225
316 222
310 219
298 215
294 214
283 210
276 208
270 207
259 206
257 202
257 198
258 194
264 186
269 178
272 170
272 166
272 159
271 150
270 142
270 138
274 128
276 122
276 121
276 118
275 114
274 111
271 108
271 105
271 103
271 101
270 97
267 91
266 88
264 86
264 84
262 78
262 78
261 78
269 114
268 119
266 122
266 124
264 125
262 128
260 128
259 128
255 130
254 130
252 130
250 130
247 128
247 128
244 127
237 127
231 127
227 127
223 130
222 132
218 132
204 130
200 126
198 126
197 124
194 129
190 133
186 134
186 136
190 144
190 146
191 148
183 146
182 146
183 151
184 153
188 155
191 157
193 160
195 164
195 166
196 168
193 168
188 166
188 166
186 166
184 170
183 173
183 174
179 174
177 173
176 172
174 170
173 167
173 165
171 161
170 158
169 158
168 159
168 165
166 167
164 169
162 170
158 170
151 170
149 169
145 167
142 166
143 159
143 156
143 151
142 150
139 148
135 148
133 148
131 148
125 149
124 153
124 170
126 178
122 179
116 182
115 188
114 190
114 191
110 191
107 187
106 182
100 178
96 181
94 182
91 185
91 186
94 189
94 192
95 194
96 196
96 198
97 198
97 200
98 195
97 200
97 202
101 209
102 217
102 222
102 224
101 224
98 230
93 223
90 216
86 207
80 203
76 201
74 205
70 206
70 207
77 213
79 214
82 214
82 214
83 210
83 209
84 207
88 213
90 218
94 225
98 230
103 235
103 238
106 242
108 251
109 254
110 259
112 264
114 266
117 268
117 268
119 271
122 268
124 266
128 264
134 261
136 261
140 262
144 263
146 265
145 263
149 263
150 266
154 269
154 270
154 272
154 274
154 278
154 279
153 282
151 284
151 284
148 286
144 287
142 288
139 288
135 288
134 288
131 288
130 287
127 285
125 282
124 281
122 278
120 276
120 274
120 270
119 269
119 267
122 268
122 271
122 275
122 278
123 282
130 286
130 295
125 299
118 302
114 305
108 308
106 310
102 314
98 314
93 306
87 300
82 304
78 314
68 312
67 312
67 314
67 319
69 321
69 321
61 323
58 325
57 326
54 328
57 333
62 338
64 340
66 342
68 344
74 344
80 344
90 344
93 346
96 350
104 356
106 358
110 359
112 365
114 370
115 373
118 381
121 389
126 394
132 398
138 402
142 404
146 406
149 418
150 423
152 430
153 442
149 431
156 432
164 431
166 431
179 433
183 439
185 444
185 448
186 452
186 452
190 454
197 454
201 457
213 464
221 466
228 469
234 470
238 472
241 473
241 474
242 482
243 492
245 506
246 507
248 510
255 510
267 511
277 515
284 516
287 519
296 535
298 539
302 545
307 546
322 543
340 542
344 542
355 542
358 542
360 547
363 551
366 556
366 559
368 565
370 568
372 569
373 569
374 569
374 566
375 563
375 559
375 553
375 550
375 548
372 544
371 544
370 542
369 541
369 540
368 540
370 538
366 538
364 538
360 538
361 531
363 523
357 518
350 509
343 502
338 495
335 495
326 496
312 500
304 502
299 504
296 505
295 501
292 488
292 481
290 477
288 477
287 477
286 477
253 474
251 474
250 474
243 473
246 457
243 438
239 428
239 429
231 429
219 426
212 423
206 423
199 420
192 417
191 415
191 415
187 413
186 408
185 405
183 398
183 415
184 421
179 431
179 431
187 417
187 415
187 413
238 429
242 429
247 425
291 430
289 429
294 429
300 427
303 424
303 423
306 420
310 420
324 415
325 415
328 415
333 388
332 387
322 382
314 380
309 380
306 377
306 373
307 376
311 370
313 365
314 361
313 357
310 354
306 353
303 353
300 376
303 353
312 336
316 328
306 320
293 308
290 305
289 298
288 290
284 286
280 280
276 277
272 276
267 272
266 272
266 267
266 265
268 265
276 260
279 257
280 255
280 253
281 249
286 244
287 244
289 241
294 240
299 240
304 240
315 236
320 233
324 229
324 229
321 226
317 224
313 222
309 220
308 216
308 211
307 211
306 210
294 211
292 211
286 208
279 207
265 204
262 204
258 204
255 198
266 177
272 171
271 164
269 152
271 133
273 123
275 116
272 112
268 112
266 114
263 119
257 119
258 116
256 95
252 68
249 61
249 61
